0.000000000000000000e+00
7.015111122767505591e-01
0.000000000000000000e+00
1.642591144782063195e-01
0.000000000000000000e+00
2.775557561562891351e-17
1.706668827007859157e+00
0.000000000000000000e+00
8.935010754127676869e-01
0.000000000000000000e+00
5.736873559748498774e-01
2.334459668572030910e+00
0.000000000000000000e+00
2.678315296143174429e-01
9.212219317419496623e-01
0.000000000000000000e+00
0.000000000000000000e+00
1.572149730731353667e-01
0.000000000000000000e+00
0.000000000000000000e+00
2.220446049250313081e-16
0.000000000000000000e+00
5.329070518200751394e-15
3.885780586188047891e-15
3.949705809666695711e+00
2.097543645933533263e+00
0.000000000000000000e+00
0.000000000000000000e+00
1.488853103343170670e+00
0.000000000000000000e+00
0.000000000000000000e+00
0.000000000000000000e+00
1.776356839400250465e-15
7.771561172376095783e-15
8.881784197001252323e-15
2.102730439466400369e+00
0.000000000000000000e+00
0.000000000000000000e+00
1.272360139762834352e+00
4.870573259211621320e+00
3.014282453341433632e-01
0.000000000000000000e+00
0.000000000000000000e+00
4.327429715430912260e+00
0.000000000000000000e+00
5.454411019116017778e-01
0.000000000000000000e+00
1.956739568002598295e+00
0.000000000000000000e+00
0.000000000000000000e+00
3.727931006674782277e-01
0.000000000000000000e+00
0.000000000000000000e+00
3.742333383117762313e+00
1.739915442464140760e+00
