0.000000000000000000e+00
5.400000000000000355e+00
1.080000000000000071e+01
1.620000000000000284e+01
2.160000000000000142e+01
2.700000000000000000e+01
3.239999999999999858e+01
3.779999999999999716e+01
4.319999999999999574e+01
4.859999999999999432e+01
5.399999999999999289e+01
5.939999999999999147e+01
6.479999999999999716e+01
7.020000000000000284e+01
7.560000000000000853e+01
8.100000000000001421e+01
8.640000000000001990e+01
9.180000000000002558e+01
9.720000000000003126e+01
1.026000000000000369e+02
1.080000000000000426e+02
1.134000000000000483e+02
1.188000000000000540e+02
1.242000000000000597e+02
1.296000000000000512e+02
1.350000000000000568e+02
1.404000000000000625e+02
1.458000000000000682e+02
1.512000000000000739e+02
1.566000000000000796e+02
1.620000000000000853e+02
1.674000000000000909e+02
1.728000000000000966e+02
1.782000000000001023e+02
1.836000000000001080e+02
1.890000000000001137e+02
1.944000000000001194e+02
1.998000000000001251e+02
2.052000000000001307e+02
2.106000000000001364e+02
2.700000000000001137e+02
2.754000000000000909e+02
2.808000000000000682e+02
2.862000000000000455e+02
2.916000000000000227e+02
3.509999999999997726e+02
3.563999999999997499e+02
3.617999999999997272e+02
3.671999999999997044e+02
3.725999999999996817e+02
5.129999999999996589e+02
5.183999999999996362e+02
5.237999999999996135e+02
5.291999999999995907e+02
5.345999999999995680e+02
